0.67
0.66
0.655
0.65
0.64
0.65
0.69
0.66
0.675
0.675
0.675
0.645
0.65
0.665
0.66
0.645
0.645
0.625
0.67
0.685
0.665
0.655
0.675
0.65
0.67
0.64
0.685
0.67
0.655
0.665
0.68
0.66
0.65
0.675
0.645
0.675
0.65
0.67
0.675
0.655
0.65
0.655
0.645
0.675
0.675
0.675
0.67
0.675
0.65
0.635
0.66
0.655
0.66
0.64
0.67
0.655
0.66
0.63
0.655
0.645
0.665
0.665
0.675
0.655
0.675
0.675
0.65
0.645
0.655
0.665
0.665
0.65
0.67
0.665
0.66
0.68
0.665
0.655
0.645
0.655
0.665
0.665
0.67
0.655
0.635
0.655
0.67
0.65
0.645
0.64
0.65
0.655
0.665
0.65
0.655
0.665
0.65
0.68
0.65
0.64
