0.66
0.66
0.655
0.67
0.68
0.68
0.65
0.68
0.67
0.665
0.68
0.67
0.69
0.655
0.65
0.675
0.66
0.64
0.675
0.7
0.655
0.655
0.655
0.645
0.68
0.65
0.675
0.68
0.645
0.66
0.655
0.665
0.665
0.66
0.685
0.665
0.655
0.7
0.64
0.65
0.685
0.67
0.665
0.645
0.675
0.68
0.655
0.655
0.645
0.68
0.67
0.66
0.66
0.675
0.655
0.655
0.665
0.635
0.65
0.665
0.68
0.655
0.68
0.67
0.68
0.67
0.67
0.64
0.675
0.66
0.66
0.655
0.655
0.665
0.655
0.65
0.66
0.67
0.67
0.665
0.68
0.65
0.68
0.665
0.665
0.655
0.66
0.665
0.66
0.65
0.675
0.675
0.655
0.68
0.625
0.67
0.665
0.67
0.66
0.66
